level,probability,bid
0.47829690000000014,0.2,0.0
0.47829690000000014,0.25,0.0
0.47829690000000014,0.3,0.0
0.47829690000000014,0.35,0.0
0.47829690000000014,0.4,0.0
0.47829690000000014,0.45,0.0
0.47829690000000014,0.5,0.0
0.47829690000000014,0.55,0.0
0.47829690000000014,0.6,0.0
0.47829690000000014,0.65,4.9E-324
0.47829690000000014,0.7,0.005832035132553914
0.47829690000000014,0.75,0.05122228589168307
0.47829690000000014,0.8,0.10337139181793996
0.47829690000000014,0.85,0.10883251842534507
0.47829690000000014,0.9,0.11620150042918843
0.47829690000000014,0.95,0.1283685803412547
0.47829690000000014,1.0,0.2
0.5314410000000002,0.2,0.0
0.5314410000000002,0.25,1.0E-323
0.5314410000000002,0.3,1.0544741617657748E-4
0.5314410000000002,0.35,0.0052401065215449925
0.5314410000000002,0.4,0.021654398136198964
0.5314410000000002,0.45,0.060004124508246735
0.5314410000000002,0.5,0.1024066031591597
0.5314410000000002,0.55,0.10626673382982585
0.5314410000000002,0.6,0.11091425907325028
0.5314410000000002,0.65,0.11487058148617452
0.5314410000000002,0.7,0.11958842551900874
0.5314410000000002,0.75,0.12402615928668465
0.5314410000000002,0.8,0.12953154214084472
0.5314410000000002,0.85,0.13534942428296637
0.5314410000000002,0.9,0.14414112690017816
0.5314410000000002,0.95,0.15649372645917126
0.5314410000000002,1.0,0.2
0.5904900000000002,0.2,0.006303050956949993
0.5904900000000002,0.25,0.05
0.5904900000000002,0.3,0.10179744934127101
0.5904900000000002,0.35,0.10731093395767695
0.5904900000000002,0.4,0.11219554967866784
0.5904900000000002,0.45,0.11685119455512458
0.5904900000000002,0.5,0.12160178108085551
0.5904900000000002,0.55,0.12628044172465364
0.5904900000000002,0.6,0.13107197996087075
0.5904900000000002,0.65,0.13554745911145782
0.5904900000000002,0.7,0.14087593102290635
0.5904900000000002,0.75,0.1460305128197396
0.5904900000000002,0.8,0.15173314465569943
0.5904900000000002,0.85,0.1582011642436732
0.5904900000000002,0.9,0.1657066206703719
0.5904900000000002,0.95,0.175
0.5904900000000002,1.0,0.2
0.6561000000000001,0.2,0.011830508652139131
0.6561000000000001,0.25,0.05
0.6561000000000001,0.3,0.10004157770153238
0.6561000000000001,0.35,0.11103976586314461
0.6561000000000001,0.4,0.11949658853108801
0.6561000000000001,0.45,0.1272532547868639
0.6561000000000001,0.5,0.13451715816966103
0.6561000000000001,0.55,0.1404802237507759
0.6561000000000001,0.6,0.14728892588906756
0.6561000000000001,0.65,0.1525174965211435
0.6561000000000001,0.7,0.15873336442182628
0.6561000000000001,0.75,0.16449227690550017
0.6561000000000001,0.8,0.17064378801988464
0.6561000000000001,0.85,0.17580712214238053
0.6561000000000001,0.9,0.18308973642754997
0.6561000000000001,0.95,0.18974854300758662
0.6561000000000001,1.0,0.2
0.7290000000000001,0.2,0.05
0.7290000000000001,0.25,0.08545609423903769
0.7290000000000001,0.3,0.11997389637535094
0.7290000000000001,0.35,0.13333214795780363
0.7290000000000001,0.4,0.14296198348406375
0.7290000000000001,0.45,0.15087267571566892
0.7290000000000001,0.5,0.15721445664205663
0.7290000000000001,0.55,0.16400847588667727
0.7290000000000001,0.6,0.17016365623667074
0.7290000000000001,0.65,0.175
0.7290000000000001,0.7,0.17976057529712514
0.7290000000000001,0.75,0.185
0.7290000000000001,0.8,0.18981643810291832
0.7290000000000001,0.85,0.193251618387424
0.7290000000000001,0.9,0.19959524554543068
0.7290000000000001,0.95,0.2
0.7290000000000001,1.0,0.2
0.81,0.2,0.12909322878825424
0.81,0.25,0.1463145161278529
0.81,0.3,0.15886929669600763
0.81,0.35,0.16821677546730984
0.81,0.4,0.175
0.81,0.45,0.18118607655661473
0.81,0.5,0.1863565831465281
0.81,0.55,0.19086669382481103
0.81,0.6,0.19518181686716385
0.81,0.65,0.1990008752339474
0.81,0.7,0.2
0.81,0.75,0.2
0.81,0.8,0.2
0.81,0.85,0.2
0.81,0.9,0.2
0.81,0.95,0.2
0.81,1.0,0.2
0.9,0.2,0.18526422148779215
0.9,0.25,0.19483909933448307
0.9,0.3,0.2
0.9,0.35,0.2
0.9,0.4,0.2
0.9,0.45,0.2
0.9,0.5,0.2
0.9,0.55,0.2
0.9,0.6,0.2
0.9,0.65,0.2
0.9,0.7,0.2
0.9,0.75,0.2
0.9,0.8,0.2
0.9,0.85,0.2
0.9,0.9,0.2
0.9,0.95,0.2
0.9,1.0,0.2
1.0,0.2,0.2
1.0,0.25,0.2
1.0,0.3,0.2
1.0,0.35,0.2
1.0,0.4,0.2
1.0,0.45,0.2
1.0,0.5,0.2
1.0,0.55,0.2
1.0,0.6,0.2
1.0,0.65,0.2
1.0,0.7,0.2
1.0,0.75,0.2
1.0,0.8,0.2
1.0,0.85,0.2
1.0,0.9,0.2
1.0,0.95,0.2
1.0,1.0,0.2